0.000501322 0 0 0 0
0.00100192 0 0 0 0
0.00150274 0 0 0 0
0.00200912 0 0 0 0
0.00251091 0 0 0 0
0.003011 0 0 0 0
0.00351137 0 0 0 0
0.00401227 0 0 0 0
0.00451432 0 0 0 0
0.00501502 0 0 0 0
0.00551516 0 0 0 0
0.00601663 0 0 0 0
0.00652068 0 0 0 0
0.00702112 0 0 0 0
0.00752114 0 0 0 0
0.0080218 0 0 0 0
0.00852427 0 0 0 0
0.0090245 0 0 0 0
0.00952545 0 0 0 0
0.0100294 0 0 0 0
0.0105311 0 0 0 0
0.0110339 0 0 0 0
0.011534 0 0 0 0
0.0120351 0 0 0 0
0.0125357 0 0 0 0
0.0130357 0 0 0 0
0.0135397 0 0 0 0
0.0140423 0 0 0 0
0.0145423 0 0 0 0
0.0150437 0 0 0 0
0.0155441 0 0 0 0
0.0160456 0 0 0 0
0.0165481 0 0 0 0
0.0170558 0 0 0 0
0.0175561 0 0 0 0
0.0180563 0 0 0 0
0.0185566 0 0 0 0
0.0190587 0 0 0 0
0.0195589 0 0 0 0
0.0200589 0 0 0 0
0.020561 0 0 0 0
0.0210611 0 0 0 0
0.0215641 0 0 0 0
0.0220644 0 0 0 0
0.0225659 0 0 0 0
0.023066 0 0 0 0
0.0235663 0 0 0 0
0.0240666 0 0 0 0
0.0245672 0 0 0 0
0.0250682 0 0 0 0
0.0255683 0 0 0 0
0.0260708 0 0 0 0
0.0265711 0 0 0 0
0.0270725 0 0 0 0
0.027574 0 0 0 0
0.028074 0 0 0 0
0.0285752 0 0 0 0
0.0290755 0 0 0 0
0.0295769 0 0 0 0
0.0300775 0 0 0 0
0.0305781 0 0 0 0
0.0310789 0 0 0 0
0.0315799 0 0 0 0
0.0320825 0 0 0 0
0.0325827 0 0 0 0
0.0330832 0 0 0 0
0.0335869 0 0 0 0
0.034087 0 0 0 0
0.0345874 0 0 0 0
0.0350878 0 0 0 0
0.0355893 0 0 0 0
0.036091 0 0 0 0
0.0365934 0 0 0 0
0.0370937 0 0 0 0
0.0375952 0 0 0 0
0.0380968 0 0 0 0
0.0385978 0 0 0 0
0.0390979 0 0 0 0
0.0395983 0 0 0 0
0.0400992 0 0 0 0
0.0405994 0 0 0 0
0.0410999 0 0 0 0
0.0416001 0 0 0 0
0.0421008 0 0 0 0
0.0426016 0 0 0 0
0.0431019 0 0 0 0
0.0436027 0 0 0 0
0.0441028 0 0 0 0
0.0446029 0 0 0 0
0.0451031 0 0 0 0
0.0456034 0 0 0 0
0.0461063 0 0 0 0
0.0466098 0 0 0 0
0.0471114 0 0 0 0
0.0476122 0 0 0 0
0.0481145 0 0 0 0
0.0486158 0 0 0 0
0.049116 0 0 0 0
0.0496229 0 0 0 0
0.0501234 0 0 0 0
0.0506247 0 0 0 0
0.0511254 0 0 0 0
0.0516275 0 0 0 0
0.0521287 0 0 0 0
0.0526302 0 0 0 0
0.0531304 0 0 0 0
0.0536316 0 0 0 0
0.054132 0 0 0 0
0.0546338 0 0 0 0
0.0551351 0 0 0 0
0.0556355 0 0 0 0
0.0561377 0 0 0 0
0.0566385 0 0 0 0
0.0571387 0 0 0 0
0.0576436 0 0 0 0
0.0581453 0 0 0 0
0.0586463 0 0 0 0
0.0591483 0 0 0 0
0.0596492 0 0 0 0
0.0601507 0 0 0 0
0.0606522 0 0 0 0
0.0611539 0 0 0 0
0.0616542 0 0 0 0
0.062156 0 0 0 0
0.0626598 0 0 0 0
0.0631605 0 0 0 0
0.0636618 0 0 0 0
0.0641667 0 0 0 0
0.0646694 0 0 0 0
0.0651717 0 0 0 0
0.065675 0 0 0 0
0.0661776 0 0 0 0
0.0666785 0 0 0 0
0.0671789 0 0 0 0
0.0676809 0 0 0 0
0.0681817 0 0 0 0
0.0686864 0 0 0 0
0.0691881 0 0 0 0
0.0696894 0 0 0 0
0.0701895 0 0 0 0
0.0706904 0 0 0 0
0.0711908 0 0 0 0
0.0716913 0 0 0 0
0.0721914 0 0 0 0
0.0726924 0 0 0 0
0.0731948 0 0 0 0
0.0736949 0 0 0 0
0.0741964 0 0 0 0
0.0746983 0 0 0 0
0.0752048 0 0 0 0
0.0757054 0 0 0 0
0.0762084 0 0 0 0
0.0767095 0 0 0 0
0.077211 0 0 0 0
0.0777119 0 0 0 0
0.0782124 0 0 0 0
0.0787129 0 0 0 0
0.0792144 0 0 0 0
0.0797157 0 0 0 0
0.0802159 0 0 0 0
0.0807169 0 0 0 0
0.0812202 0 0 0 0
0.0817206 0 0 0 0
0.0822207 0 0 0 0
0.0827216 0 0 0 0
0.0832218 0 0 0 0
0.0837248 0 0 0 0
0.0842253 0 0 0 0
0.0847256 0 0 0 0
0.0852281 0 0 0 0
0.0857285 0 0 0 0
0.0862306 0 0 0 0
0.0867309 0 0 0 0
0.0872316 0 0 0 0
0.0877347 0 0 0 0
0.088235 0 0 0 0
0.0887382 0 0 0 0
0.0892397 0 0 0 0
0.0897412 0 0 0 0
0.0902412 0 0 0 0
0.090744 0 0 0 0
0.0912445 0 0 0 0
0.091746 0 0 0 0
0.0922461 0 0 0 0
0.0927493 0 0 0 0
0.0932499 0 0 0 0
0.0937501 0 0 0 0
0.0942507 0 0 0 0
0.0947512 0 0 0 0
0.0952519 0 0 0 0
0.0957539 0 0 0 0
0.0962559 0 0 0 0
0.096757 0 0 0 0
0.0972587 0 0 0 0
0.0977592 0 0 0 0
0.0982596 0 0 0 0
0.0987601 0 0 0 0
0.0992615 0 0 0 0
0.0997625 0 0 0 0
0.100263 0 0 0 0
0.100764 0 0 0 0
0.101266 0 0 0 0
0.101767 0 0 0 0
0.102268 0 0 0 0
0.102768 0 0 0 0
0.103269 0 0 0 0
0.103769 0 0 0 0
0.104279 0 0 0 0
0.10478 0 0 0 0
0.105284 0 0 0 0
0.105786 0 0 0 0
0.106289 0 0 0 0
0.10679 0 0 0 0
0.107292 0 0 0 0
0.107793 0 0 0 0
0.108293 0 0 0 0
0.108797 0 0 0 0
0.109298 0 0 0 0
0.109798 0 0 0 0
0.110306 0 0 0 0
0.110807 0 0 0 0
0.111307 0 0 0 0
0.111812 0 0 0 0
0.112313 0 0 0 0
0.112821 0 0 0 0
0.113324 0 0 0 0
0.113824 0 0 0 0
0.114328 0 0 0 0
0.114828 0 0 0 0
0.115329 0 0 0 0
0.115832 0 0 0 0
0.116332 0 0 0 0
0.116833 0 0 0 0
0.117335 0 0 0 0
0.117835 0 0 0 0
0.118336 0 0 0 0
0.118837 0 0 0 0
0.119338 0 0 0 0
0.119838 0 0 0 0
0.12034 0 0 0 0
0.120842 0 0 0 0
0.121342 0 0 0 0
0.121842 0 0 0 0
0.122343 0 0 0 0
0.122845 0 0 0 0
0.123348 0 0 0 0
0.123849 0 0 0 0
0.124349 0 0 0 0
0.12485 0 0 0 0
0.12535 0 0 0 0
0.125853 0 0 0 0
0.126353 0 0 0 0
0.126853 0 0 0 0
0.127355 0 0 0 0
0.127857 0 0 0 0
0.128357 0 0 0 0
0.128859 0 0 0 0
0.129359 0 0 0 0
0.12986 0 0 0 0
0.13036 0 0 0 0
0.130861 0 0 0 0
0.131362 0 0 0 0
0.131863 0 0 0 0
0.132363 0 0 0 0
0.132868 0 0 0 0
0.133368 0 0 0 0
0.133869 0 0 0 0
0.134371 0 0 0 0
0.134872 0 0 0 0
0.135375 0 0 0 0
0.135878 0 0 0 0
0.13638 0 0 0 0
0.13688 0 0 0 0
0.137384 0 0 0 0
0.137884 0 0 0 0
0.138386 0 0 0 0
0.138886 0 0 0 0
0.139386 0 0 0 0
0.139888 0 0 0 0
0.140388 0 0 0 0
0.140888 0 0 0 0
0.14139 0 0 0 0
0.141893 0 0 0 0
0.142394 0 0 0 0
0.142896 0 0 0 0
0.143399 0 0 0 0
0.1439 0 0 0 0
0.144401 0 0 0 0
0.144903 0 0 0 0
0.145404 0 0 0 0
0.145905 0 0 0 0
0.146405 0 0 0 0
0.146906 0 0 0 0
0.147406 0 0 0 0
0.147907 0 0 0 0
0.148407 0 0 0 0
0.148908 0 0 0 0
0.149408 0 0 0 0
0.14991 0 0 0 0
0.150411 0 0 0 0
0.150912 0 0 0 0
0.151413 0 0 0 0
0.151917 0 0 0 0
0.152417 0 0 0 0
0.152918 0 0 0 0
0.153418 0 0 0 0
0.153918 0 0 0 0
0.154419 0 0 0 0
0.154919 0 0 0 0
0.155422 0 0 0 0
0.155923 0 0 0 0
0.156424 0 0 0 0
0.156929 0 0 0 0
0.157432 0 0 0 0
0.157935 0 0 0 0
0.158436 0 0 0 0
0.158937 0 0 0 0
0.159438 0 0 0 0
0.15994 0 0 0 0
0.160441 0 0 0 0
0.160945 0 0 0 0
0.161445 0 0 0 0
0.161948 0 0 0 0
0.162451 0 0 0 0
0.162954 0 0 0 0
0.163454 0 0 0 0
0.163956 0 0 0 0
0.164458 0 0 0 0
0.164958 0 0 0 0
0.165463 0 0 0 0
0.165963 0 0 0 0
0.166465 0 0 0 0
0.166967 0 0 0 0
0.167467 0 0 0 0
0.167967 0 0 0 0
0.168467 0 0 0 0
0.168974 0 0 0 0
0.169474 0 0 0 0
0.169976 0 0 0 0
0.170477 0 0 0 0
0.170978 0 0 0 0
0.171479 0 0 0 0
0.171979 0 0 0 0
0.172481 0 0 0 0
0.172981 0 0 0 0
0.173481 0 0 0 0
0.173981 0 0 0 0
0.174482 0 0 0 0
0.174985 0 0 0 0
0.175491 0 0 0 0
0.175992 0 0 0 0
0.176492 0 0 0 0
0.176995 0 0 0 0
0.177498 0 0 0 0
0.177998 0 0 0 0
0.178499 0 0 0 0
0.179001 0 0 0 0
0.179502 0 0 0 0
0.180003 0 0 0 0
0.180504 0 0 0 0
0.181005 0 0 0 0
0.181507 0 0 0 0
0.182008 0 0 0 0
0.182508 0 0 0 0
0.183009 0 0 0 0
0.183511 0 0 0 0
0.184011 0 0 0 0
0.184511 0 0 0 0
0.185018 0 0 0 0
0.185519 0 0 0 0
0.186019 0 0 0 0
0.186519 0 0 0 0
0.187021 0 0 0 0
0.187523 0 0 0 0
0.188024 0 0 0 0
0.188529 0 0 0 0
0.189029 0 0 0 0
0.189529 0 0 0 0
0.19003 0 0 0 0
0.190531 0 0 0 0
0.191031 0 0 0 0
0.191531 0 0 0 0
0.192034 0 0 0 0
0.192535 0 0 0 0
0.193036 0 0 0 0
0.193539 0 0 0 0
0.194039 0 0 0 0
0.19454 0 0 0 0
0.195041 0 0 0 0
0.195542 0 0 0 0
0.196043 0 0 0 0
0.196545 0 0 0 0
0.197048 0 0 0 0
0.197549 0 0 0 0
0.198051 0 0 0 0
0.198551 0 0 0 0
0.199052 0 0 0 0
0.199553 0 0 0 0
0.200055 0 0 0 0
0.200555 0 0 0 0
0.201057 0 0 0 0
0.201559 0 0 0 0
0.202061 0 0 0 0
0.202568 0 0 0 0
0.203069 0 0 0 0
0.203573 0 0 0 0
0.204073 0 0 0 0
0.204573 0 0 0 0
0.205075 0 0 0 0
0.205575 0 0 0 0
0.206077 0 0 0 0
0.206578 0 0 0 0
0.207079 0 0 0 0
0.207584 0 0 0 0
0.208085 0 0 0 0
0.208586 0 0 0 0
0.209086 0 0 0 0
0.209587 0 0 0 0
0.21009 0 0 0 0
0.21059 0 0 0 0
0.21109 0 0 0 0
0.211592 0 0 0 0
0.212093 0 0 0 0
0.212593 0 0 0 0
0.213094 0 0 0 0
0.213595 0 0 0 0
0.214097 0 0 0 0
0.214602 0 0 0 0
0.215102 0 0 0 0
0.215604 0 0 0 0
0.216106 0 0 0 0
0.216607 0 0 0 0
0.217107 0 0 0 0
0.217609 0 0 0 0
0.218109 0 0 0 0
0.21861 0 0 0 0
0.219112 0 0 0 0
0.219613 0 0 0 0
0.220113 0 0 0 0
0.220619 0 0 0 0
0.22112 0 0 0 0
0.221621 0 0 0 0
0.222122 0 0 0 0
0.222624 0 0 0 0
0.223125 0 0 0 0
0.223625 0 0 0 0
0.224126 0 0 0 0
0.224627 0 0 0 0
0.225128 0 0 0 0
0.225631 0 0 0 0
0.226133 0 0 0 0
0.226634 0 0 0 0
0.227134 0 0 0 0
0.227635 0 0 0 0
0.228136 0 0 0 0
0.228637 0 0 0 0
0.22914 0 0 0 0
0.22964 0 0 0 0
0.23014 0 0 0 0
0.230647 0 0 0 0
0.231147 0 0 0 0
0.231647 0 0 0 0
0.232149 0 0 0 0
0.23265 0 0 0 0
0.23315 0 0 0 0
0.233651 0 0 0 0
0.234151 0 0 0 0
0.234653 0 0 0 0
0.235156 0 0 0 0
0.235662 0 0 0 0
0.236163 0 0 0 0
0.236665 0 0 0 0
0.237166 0 0 0 0
0.237668 0 0 0 0
0.238169 0 0 0 0
0.238671 0 0 0 0
0.239176 0 0 0 0
0.239676 0 0 0 0
0.240177 0 0 0 0
0.240677 0 0 0 0
0.241177 0 0 0 0
0.241679 0 0 0 0
0.24218 0 0 0 0
0.24268 0 0 0 0
0.24318 0 0 0 0
0.243681 0 0 0 0
0.244183 0 0 0 0
0.244684 0 0 0 0
0.245185 0 0 0 0
0.245685 0 0 0 0
0.246186 0 0 0 0
0.246688 0 0 0 0
0.247191 0 0 0 0
0.247692 0 0 0 0
0.248194 0 0 0 0
0.248695 0 0 0 0
0.249196 0 0 0 0
0.249698 0 0 0 0
0.250199 0 0 0 0
0.2507 0 0 0 0
0.251202 0 0 0 0
0.251705 0 0 0 0
0.252208 0 0 0 0
0.25271 0 0 0 0
0.253212 0 0 0 0
0.253714 0 0 0 0
0.254215 0 0 0 0
0.254719 0 0 0 0
0.255222 0 0 0 0
0.255725 0 0 0 0
0.256225 0 0 0 0
0.256731 0 0 0 0
0.257232 0 0 0 0
0.257732 0 0 0 0
0.258233 0 0 0 0
0.258733 0 0 0 0
0.259235 0 0 0 0
0.259736 0 0 0 0
0.260238 0 0 0 0
0.260739 0 0 0 0
0.261239 0 0 0 0
0.261741 0 0 0 0
0.262242 0 0 0 0
0.262743 0 0 0 0
0.263243 0 0 0 0
0.263744 0 0 0 0
0.264246 0 0 0 0
0.264749 0 0 0 0
0.265251 0 0 0 0
0.265751 0 0 0 0
0.266257 0 0 0 0
0.266757 0 0 0 0
0.267258 0 0 0 0
0.267761 0 0 0 0
0.268261 0 0 0 0
0.268765 0 0 0 0
0.269265 0 0 0 0
0.269766 0 0 0 0
0.270268 0 0 0 0
0.270775 0 0 0 0
0.271277 0 0 0 0
0.271778 0 0 0 0
0.272278 0 0 0 0
0.272779 0 0 0 0
0.273279 0 0 0 0
0.27378 0 0 0 0
0.274281 0 0 0 0
0.274783 0 0 0 0
0.275285 0 0 0 0
0.275788 0 0 0 0
0.276291 0 0 0 0
0.276792 0 0 0 0
0.277292 0 0 0 0
0.277793 0 0 0 0
0.278293 0 0 0 0
0.278795 0 0 0 0
0.279296 0 0 0 0
0.279798 0 0 0 0
0.280308 0 0 0 0
0.280808 0 0 0 0
0.281309 0 0 0 0
0.28181 0 0 0 0
0.282312 0 0 0 0
0.282812 0 0 0 0
0.283315 0 0 0 0
0.283815 0 0 0 0
0.284316 0 0 0 0
0.284817 0 0 0 0
0.285318 0 0 0 0
0.285819 0 0 0 0
0.286321 0 0 0 0
0.286822 0 0 0 0
0.287323 0 0 0 0
0.287827 0 0 0 0
0.288329 0 0 0 0
0.288829 0 0 0 0
0.289331 0 0 0 0
0.289835 0 0 0 0
0.290338 0 0 0 0
0.29084 0 0 0 0
0.29134 0 0 0 0
0.291844 0 0 0 0
0.292345 0 0 0 0
0.292848 0 0 0 0
0.293352 0 0 0 0
0.293853 0 0 0 0
0.294353 0 0 0 0
0.294854 0 0 0 0
0.295356 0 0 0 0
0.295856 0 0 0 0
0.296357 0 0 0 0
0.296857 0 0 0 0
0.297357 0 0 0 0
0.297857 0 0 0 0
0.298357 0 0 0 0
0.298857 0 0 0 0
0.299359 0 0 0 0
0.29986 0 0 0 0
0.300362 0 0 0 0
0.300862 0 0 0 0
0.301363 0 0 0 0
0.301863 0 0 0 0
0.302365 0 0 0 0
0.302865 0 0 0 0
0.303367 0 0 0 0
0.303868 0 0 0 0
0.304369 0 0 0 0
0.304869 0 0 0 0
0.30537 0 0 0 0
0.305871 0 0 0 0
0.306372 0 0 0 0
0.306875 0 0 0 0
0.307377 0 0 0 0
0.307878 0 0 0 0
0.308381 0 0 0 0
0.308881 0 0 0 0
0.309382 0 0 0 0
0.309883 0 0 0 0
0.310385 0 0 0 0
0.310886 0 0 0 0
0.311388 0 0 0 0
0.311892 0 0 0 0
0.312397 0 0 0 0
0.312898 0 0 0 0
0.313399 0 0 0 0
0.3139 0 0 0 0
0.3144 0 0 0 0
0.3149 0 0 0 0
0.315401 0 0 0 0
0.315901 0 0 0 0
0.316401 0 0 0 0
0.316902 0 0 0 0
0.317403 0 0 0 0
0.317903 0 0 0 0
0.318403 0 0 0 0
0.318906 0 0 0 0
0.319407 0 0 0 0
0.319907 0 0 0 0
0.320408 0 0 0 0
0.320909 0 0 0 0
0.321409 0 0 0 0
0.32191 0 0 0 0
0.32241 0 0 0 0
0.322911 0 0 0 0
0.323412 0 0 0 0
0.323912 0 0 0 0
0.324414 0 0 0 0
0.324914 0 0 0 0
0.325416 0 0 0 0
0.325916 0 0 0 0
0.326417 0 0 0 0
0.326918 0 0 0 0
0.327419 0 0 0 0
0.327919 0 0 0 0
0.328422 0 0 0 0
0.328923 0 0 0 0
0.329424 0 0 0 0
0.329926 0 0 0 0
0.330428 0 0 0 0
0.330931 0 0 0 0
0.331431 0 0 0 0
0.331932 0 0 0 0
0.332435 0 0 0 0
0.332937 0 0 0 0
0.333439 0 0 0 0
0.333939 0 0 0 0
0.334439 0 0 0 0
0.33494 0 0 0 0
0.335445 0 0 0 0
0.335945 0 0 0 0
0.336446 0 0 0 0
0.336947 0 0 0 0
0.337449 0 0 0 0
0.337952 0 0 0 0
0.338453 0 0 0 0
0.338955 0 0 0 0
0.339457 0 0 0 0
0.339958 0 0 0 0
0.340458 0 0 0 0
0.340959 0 0 0 0
0.341461 0 0 0 0
0.341962 0 0 0 0
0.342466 0 0 0 0
0.342972 0 0 0 0
0.343474 0 0 0 0
0.343974 0 0 0 0
0.344476 0 0 0 0
0.344976 0 0 0 0
0.345479 0 0 0 0
0.345979 0 0 0 0
0.346485 0 0 0 0
0.346987 0 0 0 0
0.347488 0 0 0 0
0.347989 0 0 0 0
0.348493 0 0 0 0
0.348993 0 0 0 0
0.349495 0 0 0 0
0.35 0 0 0 0
0.350501 0 0 0 0
0.351003 0 0 0 0
0.351506 0 0 0 0
0.352008 0 0 0 0
0.35251 0 0 0 0
0.353011 0 0 0 0
0.353512 0 0 0 0
0.354015 0 0 0 0
0.35452 0 0 0 0
0.355022 0 0 0 0
0.355524 0 0 0 0
0.356024 0 0 0 0
0.356525 0 0 0 0
0.357026 0 0 0 0
0.357529 0 0 0 0
0.358029 0 0 0 0
0.358531 0 0 0 0
0.359031 0 0 0 0
0.359532 0 0 0 0
0.360032 0 0 0 0
0.360537 0 0 0 0
0.361037 0 0 0 0
0.361538 0 0 0 0
0.362039 0 0 0 0
0.36254 0 0 0 0
0.36304 0 0 0 0
0.363542 0 0 0 0
0.364046 0 0 0 0
0.364547 0 0 0 0
0.365047 0 0 0 0
0.365547 0 0 0 0
0.366047 0 0 0 0
0.366548 0 0 0 0
0.367052 0 0 0 0
0.367554 0 0 0 0
0.368055 0 0 0 0
0.368557 0 0 0 0
0.369057 0 0 0 0
0.369558 0 0 0 0
0.370059 0 0 0 0
0.370559 0 0 0 0
0.371064 0 0 0 0
0.371565 0 0 0 0
0.372066 0 0 0 0
0.372568 0 0 0 0
0.373068 0 0 0 0
0.373569 0 0 0 0
0.37407 0 0 0 0
0.374572 0 0 0 0
0.375073 0 0 0 0
0.375573 0 0 0 0
0.376074 0 0 0 0
0.376574 0 0 0 0
0.377075 0 0 0 0
0.377576 0 0 0 0
0.378077 0 0 0 0
0.378579 0 0 0 0
0.37908 0 0 0 0
0.379581 0 0 0 0
0.380089 0 0 0 0
0.380591 0 0 0 0
0.381092 0 0 0 0
0.381593 0 0 0 0
0.382094 0 0 0 0
0.382596 0 0 0 0
0.383098 0 0 0 0
0.383602 0 0 0 0
0.384103 0 0 0 0
0.384604 0 0 0 0
0.385106 0 0 0 0
0.385607 0 0 0 0
0.386109 0 0 0 0
0.386609 0 0 0 0
0.387111 0 0 0 0
0.387613 0 0 0 0
0.388114 0 0 0 0
0.388617 0 0 0 0
0.389119 0 0 0 0
0.38962 0 0 0 0
0.39012 0 0 0 0
0.390621 0 0 0 0
0.391124 0 0 0 0
0.391625 0 0 0 0
0.392126 0 0 0 0
0.392628 0 0 0 0
0.393128 0 0 0 0
0.393632 0 0 0 0
0.394134 0 0 0 0
0.394635 0 0 0 0
0.395141 0 0 0 0
0.395642 0 0 0 0
0.396143 0 0 0 0
0.396645 0 0 0 0
0.397146 0 0 0 0
0.397647 0 0 0 0
0.398151 0 0 0 0
0.398652 0 0 0 0
0.399153 0 0 0 0
0.399653 0 0 0 0
0.400154 0 0 0 0
0.400654 0 0 0 0
0.401155 0 0 0 0
0.401656 0 0 0 0
0.402156 0 0 0 0
0.402657 0 0 0 0
0.403158 0 0 0 0
0.403658 0 0 0 0
0.40416 0 0 0 0
0.404661 0 0 0 0
0.405162 0 0 0 0
0.405663 0 0 0 0
0.406163 0 0 0 0
0.406664 0 0 0 0
0.407164 0 0 0 0
0.407665 0 0 0 0
0.408166 0 0 0 0
0.408669 0 0 0 0
0.409169 0 0 0 0
0.409669 0 0 0 0
0.410172 0 0 0 0
0.410672 0 0 0 0
0.411172 0 0 0 0
0.411674 0 0 0 0
0.412174 0 0 0 0
0.412676 0 0 0 0
0.413177 0 0 0 0
0.413678 0 0 0 0
0.414178 0 0 0 0
0.414679 0 0 0 0
0.415179 0 0 0 0
0.415681 0 0 0 0
0.416182 0 0 0 0
0.416682 0 0 0 0
0.417183 0 0 0 0
0.417685 0 0 0 0
0.418187 0 0 0 0
0.418689 0 0 0 0
0.419193 0 0 0 0
0.419693 0 0 0 0
0.420195 0 0 0 0
0.420696 0 0 0 0
0.421196 0 0 0 0
0.421696 0 0 0 0
0.422198 0 0 0 0
0.422699 0 0 0 0
0.423199 0 0 0 0
0.423699 0 0 0 0
0.4242 0 0 0 0
0.424702 0 0 0 0
0.425204 0 0 0 0
0.425705 0 0 0 0
0.426206 0 0 0 0
0.426707 0 0 0 0
0.427207 0 0 0 0
0.427709 0 0 0 0
0.428209 0 0 0 0
0.428709 0 0 0 0
0.42921 0 0 0 0
0.429713 0 0 0 0
0.430213 0 0 0 0
0.430715 0 0 0 0
0.431216 0 0 0 0
0.431716 0 0 0 0
0.432217 0 0 0 0
0.432719 0 0 0 0
0.433219 0 0 0 0
0.433725 0 0 0 0
0.434225 0 0 0 0
0.434725 0 0 0 0
0.435227 0 0 0 0
0.435727 0 0 0 0
0.436227 0 0 0 0
0.436728 0 0 0 0
0.437232 0 0 0 0
0.437734 0 0 0 0
0.438237 0 0 0 0
0.438738 0 0 0 0
0.439238 0 0 0 0
0.439739 0 0 0 0
0.440239 0 0 0 0
0.44074 0 0 0 0
0.441243 0 0 0 0
0.441743 0 0 0 0
0.442244 0 0 0 0
0.44275 0 0 0 0
0.443252 0 0 0 0
0.443753 0 0 0 0
0.444258 0 0 0 0
0.444759 0 0 0 0
0.445264 0 0 0 0
0.445764 0 0 0 0
0.446265 0 0 0 0
0.446766 0 0 0 0
0.447266 0 0 0 0
0.447769 0 0 0 0
0.44827 0 0 0 0
0.448774 0 0 0 0
0.449275 0 0 0 0
0.449776 0 0 0 0
0.450276 0 0 0 0
0.450779 0 0 0 0
0.451281 0 0 0 0
0.451785 0 0 0 0
0.452287 0 0 0 0
0.452788 0 0 0 0
0.45329 0 0 0 0
0.453793 0 0 0 0
0.454295 0 0 0 0
0.454796 0 0 0 0
0.455301 0 0 0 0
0.455802 0 0 0 0
0.456303 0 0 0 0
0.456803 0 0 0 0
0.457304 0 0 0 0
0.457806 0 0 0 0
0.458307 0 0 0 0
0.458807 0 0 0 0
0.459307 0 0 0 0
0.459809 0 0 0 0
0.460311 0 0 0 0
0.460812 0 0 0 0
0.461314 0 0 0 0
0.461816 0 0 0 0
0.462316 0 0 0 0
0.462817 0 0 0 0
0.463318 0 0 0 0
0.463819 0 0 0 0
0.464319 0 0 0 0
0.46482 0 0 0 0
0.465324 0 0 0 0
0.465824 0 0 0 0
0.466324 0 0 0 0
0.466824 0 0 0 0
0.467326 0 0 0 0
0.467831 0 0 0 0
0.468332 0 0 0 0
0.468833 0 0 0 0
0.469334 0 0 0 0
0.469834 0 0 0 0
0.470335 0 0 0 0
0.470836 0 0 0 0
0.471341 0 0 0 0
0.471842 0 0 0 0
0.472342 0 0 0 0
0.472846 0 0 0 0
0.473349 0 0 0 0
0.473849 0 0 0 0
0.474349 0 0 0 0
0.47485 0 0 0 0
0.475351 0 0 0 0
0.475852 0 0 0 0
0.476352 0 0 0 0
0.476853 0 0 0 0
0.477355 0 0 0 0
0.477856 0 0 0 0
0.478356 0 0 0 0
0.478857 0 0 0 0
0.479358 0 0 0 0
0.479859 0 0 0 0
0.48036 0 0 0 0
0.480867 0 0 0 0
0.481367 0 0 0 0
0.48187 0 0 0 0
0.482374 0 0 0 0
0.482874 0 0 0 0
0.483375 0 0 0 0
0.483876 0 0 0 0
0.484376 0 0 0 0
0.484876 0 0 0 0
0.485377 0 0 0 0
0.485882 0 0 0 0
0.486384 0 0 0 0
0.486885 0 0 0 0
0.487386 0 0 0 0
0.487889 0 0 0 0
0.48839 0 0 0 0
0.48889 0 0 0 0
0.489394 0 0 0 0
0.489896 0 0 0 0
0.490399 0 0 0 0
0.490904 0 0 0 0
0.491406 0 0 0 0
0.491911 0 0 0 0
0.492414 0 0 0 0
0.492914 0 0 0 0
0.493416 0 0 0 0
0.493917 0 0 0 0
0.494418 0 0 0 0
0.49492 0 0 0 0
0.49542 0 0 0 0
0.495921 0 0 0 0
0.496421 0 0 0 0
0.496922 0 0 0 0
0.497424 0 0 0 0
0.497924 0 0 0 0
0.498425 0 0 0 0
0.498932 0 0 0 0
0.499433 0 0 0 0
0.499933 0 0 0 0
0.500434 0 0 0 0
0.500934 0 0 0 0
0.501434 0 0 0 0
0.501934 0 0 0 0
0.502434 0 0 0 0
0.502935 0 0 0 0
0.503436 0 0 0 0
0.503937 0 0 0 0
0.504437 0 0 0 0
0.504938 0 0 0 0
0.50544 0 0 0 0
0.505941 0 0 0 0
0.506444 0 0 0 0
0.506945 0 0 0 0
0.507445 0 0 0 0
0.507947 0 0 0 0
0.508448 0 0 0 0
0.508949 0 0 0 0
0.50945 0 0 0 0
0.50995 0 0 0 0
0.510452 0 0 0 0
0.510955 0 0 0 0
0.511455 0 0 0 0
0.511956 0 0 0 0
0.512456 0 0 0 0
0.512958 0 0 0 0
0.513459 0 0 0 0
0.513959 0 0 0 0
0.51446 0 0 0 0
0.514961 0 0 0 0
0.515461 0 0 0 0
0.515968 0 0 0 0
0.51647 0 0 0 0
0.516971 0 0 0 0
0.517471 0 0 0 0
0.517972 0 0 0 0
0.518473 0 0 0 0
0.518974 0 0 0 0
0.519475 0 0 0 0
0.519976 0 0 0 0
0.520477 0 0 0 0
0.520978 0 0 0 0
0.52148 0 0 0 0
0.52198 0 0 0 0
0.522481 0 0 0 0
0.522981 0 0 0 0
0.523482 0 0 0 0
0.523983 0 0 0 0
0.524485 0 0 0 0
0.524985 0 0 0 0
0.525486 0 0 0 0
0.525987 0 0 0 0
0.526487 0 0 0 0
0.526987 0 0 0 0
0.527488 0 0 0 0
0.527989 0 0 0 0
0.528493 0 0 0 0
0.528994 0 0 0 0
0.529494 0 0 0 0
0.529996 0 0 0 0
0.5305 0 0 0 0
0.531002 0 0 0 0
0.531502 0 0 0 0
0.532004 0 0 0 0
0.532507 0 0 0 0
0.533008 0 0 0 0
0.53351 0 0 0 0
0.534011 0 0 0 0
0.534514 0 0 0 0
0.535015 0 0 0 0
0.535516 0 0 0 0
0.536016 0 0 0 0
0.536516 0 0 0 0
0.537021 0 0 0 0
0.537522 0 0 0 0
0.538024 0 0 0 0
0.538524 0 0 0 0
0.539025 0 0 0 0
0.539526 0 0 0 0
0.540027 0 0 0 0
0.540527 0 0 0 0
0.54103 0 0 0 0
0.541532 0 0 0 0
0.542034 0 0 0 0
0.542537 0 0 0 0
0.543044 0 0 0 0
0.543545 0 0 0 0
0.544045 0 0 0 0
0.544551 0 0 0 0
0.545055 0 0 0 0
0.545556 0 0 0 0
0.54606 0 0 0 0
0.54656 0 0 0 0
0.547062 0 0 0 0
0.547562 0 0 0 0
0.548062 0 0 0 0
0.548563 0 0 0 0
0.549064 0 0 0 0
0.549564 0 0 0 0
0.550064 0 0 0 0
0.550566 0 0 0 0
0.551067 0 0 0 0
0.551573 0 0 0 0
0.552075 0 0 0 0
0.552576 0 0 0 0
0.553076 0 0 0 0
0.553576 0 0 0 0
0.554078 0 0 0 0
0.554579 0 0 0 0
0.555081 0 0 0 0
0.555583 0 0 0 0
0.556085 0 0 0 0
0.556585 0 0 0 0
0.557088 0 0 0 0
0.557594 0 0 0 0
0.558095 0 0 0 0
0.558596 0 0 0 0
0.559097 0 0 0 0
0.559597 0 0 0 0
0.560099 0 0 0 0
0.5606 0 0 0 0
0.561102 0 0 0 0
0.561602 0 0 0 0
0.562103 0 0 0 0
0.562605 0 0 0 0
0.563106 0 0 0 0
0.563607 0 0 0 0
0.56411 0 0 0 0
0.564615 0 0 0 0
0.565115 0 0 0 0
0.565615 0 0 0 0
0.566117 0 0 0 0
0.56662 0 0 0 0
0.56712 0 0 0 0
0.567622 0 0 0 0
0.568125 0 0 0 0
0.568626 0 0 0 0
0.569127 0 0 0 0
0.569628 0 0 0 0
0.570136 0 0 0 0
0.570637 0 0 0 0
0.57114 0 0 0 0
0.571641 0 0 0 0
0.572142 0 0 0 0
0.572642 0 0 0 0
0.573143 0 0 0 0
0.573646 0 0 0 0
0.574146 0 0 0 0
0.574648 0 0 0 0
0.575149 0 0 0 0
0.575649 0 0 0 0
0.576154 0 0 0 0
0.576655 0 0 0 0
0.577156 0 0 0 0
0.577656 0 0 0 0
0.578157 0 0 0 0
0.578659 0 0 0 0
0.579159 0 0 0 0
0.57966 0 0 0 0
0.580162 0 0 0 0
0.580664 0 0 0 0
0.581165 0 0 0 0
0.581666 0 0 0 0
0.582169 0 0 0 0
0.582671 0 0 0 0
0.583173 0 0 0 0
0.583675 0 0 0 0
0.584177 0 0 0 0
0.584681 0 0 0 0
0.585188 0 0 0 0
0.585689 0 0 0 0
0.586189 0 0 0 0
0.586695 0 0 0 0
0.587198 0 0 0 0
0.587702 0 0 0 0
0.588203 0 0 0 0
0.588704 0 0 0 0
0.589204 0 0 0 0
0.589705 0 0 0 0
0.590207 0 0 0 0
0.590707 0 0 0 0
0.591208 0 0 0 0
0.59171 0 0 0 0
0.592211 0 0 0 0
0.592712 0 0 0 0
0.593213 0 0 0 0
0.593714 0 0 0 0
0.594215 0 0 0 0
0.594718 0 0 0 0
0.595218 0 0 0 0
0.595721 0 0 0 0
0.596221 0 0 0 0
0.596725 0 0 0 0
0.597225 0 0 0 0
0.597725 0 0 0 0
0.598225 0 0 0 0
0.59873 0 0 0 0
0.599232 0 0 0 0
0.599735 0 0 0 0
0.600235 0 0 0 0
0.60074 0 0 0 0
0.601241 0 0 0 0
0.601741 0 0 0 0
0.602243 0 0 0 0
0.602744 0 0 0 0
0.603246 0 0 0 0
0.603746 0 0 0 0
0.604247 0 0 0 0
0.604748 0 0 0 0
0.60525 0 0 0 0
0.605751 0 0 0 0
0.606251 0 0 0 0
0.606752 0 0 0 0
0.607252 0 0 0 0
0.607759 0 0 0 0
0.60826 0 0 0 0
0.60876 0 0 0 0
0.60926 0 0 0 0
0.60976 0 0 0 0
0.610262 0 0 0 0
0.610762 0 0 0 0
0.611266 0 0 0 0
0.611766 0 0 0 0
0.612268 0 0 0 0
0.612771 0 0 0 0
0.613273 0 0 0 0
0.613774 0 0 0 0
0.614275 0 0 0 0
0.614776 0 0 0 0
0.615282 0 0 0 0
0.615782 0 0 0 0
0.616283 0 0 0 0
0.616787 0 0 0 0
0.617288 0 0 0 0
0.617789 0 0 0 0
0.618289 0 0 0 0
0.61879 0 0 0 0
0.61929 0 0 0 0
0.619793 0 0 0 0
0.620294 0 0 0 0
0.620796 0 0 0 0
0.621298 0 0 0 0
0.621798 0 0 0 0
0.622303 0 0 0 0
0.622806 0 0 0 0
0.623307 0 0 0 0
0.623808 0 0 0 0
0.624309 0 0 0 0
0.624811 0 0 0 0
0.625311 0 0 0 0
0.625811 0 0 0 0
0.626316 0 0 0 0
0.626816 0 0 0 0
0.627317 0 0 0 0
0.627819 0 0 0 0
0.62832 0 0 0 0
0.628822 0 0 0 0
0.629322 0 0 0 0
0.629823 0 0 0 0
0.630323 0 0 0 0
0.630824 0 0 0 0
0.631326 0 0 0 0
0.631827 0 0 0 0
0.632327 0 0 0 0
0.632831 0 0 0 0
0.633334 0 0 0 0
0.63384 0 0 0 0
0.63434 0 0 0 0
0.63484 0 0 0 0
0.635342 0 0 0 0
0.635842 0 0 0 0
0.636344 0 0 0 0
0.636845 0 0 0 0
0.637345 0 0 0 0
0.637845 0 0 0 0
0.638348 0 0 0 0
0.638848 0 0 0 0
0.63935 0 0 0 0
0.639853 0 0 0 0
0.640354 0 0 0 0
0.640854 0 0 0 0
0.641355 0 0 0 0
0.641856 0 0 0 0
0.642357 0 0 0 0
0.642859 0 0 0 0
0.64336 0 0 0 0
0.643862 0 0 0 0
0.644362 0 0 0 0
0.644863 0 0 0 0
0.645364 0 0 0 0
0.645864 0 0 0 0
0.646364 0 0 0 0
0.646866 0 0 0 0
0.647366 0 0 0 0
0.647866 0 0 0 0
0.648366 0 0 0 0
0.648867 0 0 0 0
0.649369 0 0 0 0
0.649875 0 0 0 0
0.650381 0 0 0 0
0.650882 0 0 0 0
0.651382 0 0 0 0
0.651882 0 0 0 0
0.652383 0 0 0 0
0.652883 0 0 0 0
0.653388 0 0 0 0
0.653889 0 0 0 0
0.654389 0 0 0 0
0.65489 0 0 0 0
0.65539 0 0 0 0
0.655891 0 0 0 0
0.656394 0 0 0 0
0.656896 0 0 0 0
0.657398 0 0 0 0
0.657903 0 0 0 0
0.658404 0 0 0 0
0.658904 0 0 0 0
0.659405 0 0 0 0
0.659913 0 0 0 0
0.660413 0 0 0 0
0.660915 0 0 0 0
0.661417 0 0 0 0
0.661917 0 0 0 0
0.662418 0 0 0 0
0.662923 0 0 0 0
0.663424 0 0 0 0
0.663926 0 0 0 0
0.664427 0 0 0 0
0.664928 0 0 0 0
0.665428 0 0 0 0
0.665932 0 0 0 0
0.666433 0 0 0 0
0.666935 0 0 0 0
0.667436 0 0 0 0
0.667936 0 0 0 0
0.668437 0 0 0 0
0.668937 0 0 0 0
0.669437 0 0 0 0
0.669938 0 0 0 0
0.670441 0 0 0 0
0.670946 0 0 0 0
0.671447 0 0 0 0
0.671949 0 0 0 0
0.67245 0 0 0 0
0.67295 0 0 0 0
0.673451 0 0 0 0
0.673953 0 0 0 0
0.674454 0 0 0 0
0.674954 0 0 0 0
0.675454 0 0 0 0
0.675958 0 0 0 0
0.67646 0 0 0 0
0.676962 0 0 0 0
0.677464 0 0 0 0
0.677964 0 0 0 0
0.678464 0 0 0 0
0.678965 0 0 0 0
0.679465 0 0 0 0
0.679966 0 0 0 0
0.680467 0 0 0 0
0.680967 0 0 0 0
0.681469 0 0 0 0
0.681969 0 0 0 0
0.682471 0 0 0 0
0.682971 0 0 0 0
0.683471 0 0 0 0
0.683975 0 0 0 0
0.684476 0 0 0 0
0.684977 0 0 0 0
0.685479 0 0 0 0
0.68598 0 0 0 0
0.686481 0 0 0 0
0.686985 0 0 0 0
0.687485 0 0 0 0
0.687985 0 0 0 0
0.688486 0 0 0 0
0.688987 0 0 0 0
0.689488 0 0 0 0
0.68999 0 0 0 0
0.69049 0 0 0 0
0.690993 0 0 0 0
0.691496 0 0 0 0
0.691998 0 0 0 0
0.692499 0 0 0 0
0.692999 0 0 0 0
0.6935 0 0 0 0
0.694 0 0 0 0
0.6945 0 0 0 0
0.695 0 0 0 0
0.695503 0 0 0 0
0.696005 0 0 0 0
0.696506 0 0 0 0
0.697008 0 0 0 0
0.697508 0 0 0 0
0.698009 0 0 0 0
0.698509 0 0 0 0
0.69901 0 0 0 0
0.699512 0 0 0 0
0.700012 0 0 0 0
0.700513 0 0 0 0
0.701016 0 0 0 0
0.701517 0 0 0 0
0.702019 0 0 0 0
0.702521 0 0 0 0
0.703025 0 0 0 0
0.703525 0 0 0 0
0.704026 0 0 0 0
0.704527 0 0 0 0
0.705029 0 0 0 0
0.705532 0 0 0 0
0.706032 0 0 0 0
0.706532 0 0 0 0
0.707036 0 0 0 0
0.707541 0 0 0 0
0.708042 0 0 0 0
0.708543 0 0 0 0
0.709043 0 0 0 0
0.709543 0 0 0 0
0.710044 0 0 0 0
0.710544 0 0 0 0
0.711045 0 0 0 0
0.711545 0 0 0 0
0.712046 0 0 0 0
0.712547 0 0 0 0
0.713047 0 0 0 0
0.713547 0 0 0 0
0.714048 0 0 0 0
0.714548 0 0 0 0
0.715049 0 0 0 0
0.715551 0 0 0 0
0.716051 0 0 0 0
0.716551 0 0 0 0
0.717052 0 0 0 0
0.717555 0 0 0 0
0.718055 0 0 0 0
0.718559 0 0 0 0
0.71906 0 0 0 0
0.719561 0 0 0 0
0.720061 0 0 0 0
0.720561 0 0 0 0
0.721064 0 0 0 0
0.721566 0 0 0 0
0.722066 0 0 0 0
0.72257 0 0 0 0
0.723071 0 0 0 0
0.723574 0 0 0 0
0.724074 0 0 0 0
0.724579 0 0 0 0
0.725079 0 0 0 0
0.72558 0 0 0 0
0.726081 0 0 0 0
0.726582 0 0 0 0
0.727083 0 0 0 0
0.727585 0 0 0 0
0.728087 0 0 0 0
0.728588 0 0 0 0
0.729089 0 0 0 0
0.72959 0 0 0 0
0.730092 0 0 0 0
0.730596 0 0 0 0
0.731099 0 0 0 0
0.731599 0 0 0 0
0.732101 0 0 0 0
0.732602 0 0 0 0
0.733105 0 0 0 0
0.733605 0 0 0 0
0.734105 0 0 0 0
0.734607 0 0 0 0
0.735107 0 0 0 0
0.735608 0 0 0 0
0.736108 0 0 0 0
0.736608 0 0 0 0
0.737109 0 0 0 0
0.73761 0 0 0 0
0.738111 0 0 0 0
0.738612 0 0 0 0
0.739112 0 0 0 0
0.739614 0 0 0 0
0.740115 0 0 0 0
0.740618 0 0 0 0
0.741118 0 0 0 0
0.741624 0 0 0 0
0.742125 0 0 0 0
0.742625 0 0 0 0
0.743128 0 0 0 0
0.743629 0 0 0 0
0.74413 0 0 0 0
0.744632 0 0 0 0
0.745132 0 0 0 0
0.745633 0 0 0 0
0.746133 0 0 0 0
0.746635 0 0 0 0
0.747136 0 0 0 0
0.747637 0 0 0 0
0.748139 0 0 0 0
0.748642 0 0 0 0
0.749143 0 0 0 0
0.749644 0 0 0 0
0.750147 0 0 0 0
0.750648 0 0 0 0
0.751148 0 0 0 0
0.751651 0 0 0 0
0.752151 0 0 0 0
0.752653 0 0 0 0
0.753154 0 0 0 0
0.753658 0 0 0 0
0.754158 0 0 0 0
0.75466 0 0 0 0
0.75516 0 0 0 0
0.755661 0 0 0 0
0.756161 0 0 0 0
0.756662 0 0 0 0
0.757162 0 0 0 0
0.757662 0 0 0 0
0.758162 0 0 0 0
0.758663 0 0 0 0
0.759165 0 0 0 0
0.759665 0 0 0 0
0.760167 0 0 0 0
0.760667 0 0 0 0
0.761168 0 0 0 0
0.761669 0 0 0 0
0.76217 0 0 0 0
0.76267 0 0 0 0
0.763171 0 0 0 0
0.763678 0 0 0 0
0.76418 0 0 0 0
0.764681 0 0 0 0
0.765183 0 0 0 0
0.765685 0 0 0 0
0.766185 0 0 0 0
0.766685 0 0 0 0
0.767192 0 0 0 0
0.767693 0 0 0 0
0.768196 0 0 0 0
0.768697 0 0 0 0
0.769198 0 0 0 0
0.769701 0 0 0 0
0.770201 0 0 0 0
0.770701 0 0 0 0
0.771205 0 0 0 0
0.771711 0 0 0 0
0.772211 0 0 0 0
0.772713 0 0 0 0
0.773216 0 0 0 0
0.773716 0 0 0 0
0.774221 0 0 0 0
0.774723 0 0 0 0
0.775226 0 0 0 0
0.775727 0 0 0 0
0.776232 0 0 0 0
0.776732 0 0 0 0
0.777232 0 0 0 0
0.777733 0 0 0 0
0.778234 0 0 0 0
0.778736 0 0 0 0
0.779236 0 0 0 0
0.779741 0 0 0 0
0.780241 0 0 0 0
0.780743 0 0 0 0
0.781243 0 0 0 0
0.781743 0 0 0 0
0.782249 0 0 0 0
0.782749 0 0 0 0
0.783253 0 0 0 0
0.783754 0 0 0 0
0.784257 0 0 0 0
0.784763 0 0 0 0
0.785264 0 0 0 0
0.785766 0 0 0 0
0.786267 0 0 0 0
0.786767 0 0 0 0
0.787267 0 0 0 0
0.78777 0 0 0 0
0.788272 0 0 0 0
0.788773 0 0 0 0
0.789274 0 0 0 0
0.789775 0 0 0 0
0.790276 0 0 0 0
0.790777 0 0 0 0
0.791278 0 0 0 0
0.791778 0 0 0 0
0.792278 0 0 0 0
0.792779 0 0 0 0
0.793279 0 0 0 0
0.793779 0 0 0 0
0.794283 0 0 0 0
0.794783 0 0 0 0
0.795285 0 0 0 0
0.795785 0 0 0 0
0.796285 0 0 0 0
0.796786 0 0 0 0
0.797286 0 0 0 0
0.797789 0 0 0 0
0.798291 0 0 0 0
0.798791 0 0 0 0
0.799292 0 0 0 0
0.799797 0 0 0 0
0.800299 0 0 0 0
0.800801 0 0 0 0
0.801303 0 0 0 0
0.801805 0 0 0 0
0.802306 0 0 0 0
0.802808 0 0 0 0
0.803315 0 0 0 0
0.803815 0 0 0 0
0.804316 0 0 0 0
0.804816 0 0 0 0
0.805317 0 0 0 0
0.805821 0 0 0 0
0.806324 0 0 0 0
0.806824 0 0 0 0
0.807325 0 0 0 0
0.807826 0 0 0 0
0.808329 0 0 0 0
0.808829 0 0 0 0
0.809332 0 0 0 0
0.809832 0 0 0 0
0.810333 0 0 0 0
0.810833 0 0 0 0
0.811333 0 0 0 0
0.811834 0 0 0 0
0.812334 0 0 0 0
0.812834 0 0 0 0
0.813337 0 0 0 0
0.813837 0 0 0 0
0.814337 0 0 0 0
0.814839 0 0 0 0
0.815339 0 0 0 0
0.815839 0 0 0 0
0.81634 0 0 0 0
0.816841 0 0 0 0
0.817342 0 0 0 0
0.817843 0 0 0 0
0.818345 0 0 0 0
0.81885 0 0 0 0
0.819352 0 0 0 0
0.819855 0 0 0 0
0.82036 0 0 0 0
0.82086 0 0 0 0
0.821364 0 0 0 0
0.821865 0 0 0 0
0.822371 0 0 0 0
0.822871 0 0 0 0
0.823372 0 0 0 0
0.823873 0 0 0 0
0.824374 0 0 0 0
0.824875 0 0 0 0
0.825375 0 0 0 0
0.825877 0 0 0 0
0.826379 0 0 0 0
0.82688 0 0 0 0
0.827382 0 0 0 0
0.827882 0 0 0 0
0.828383 0 0 0 0
0.828883 0 0 0 0
0.829384 0 0 0 0
0.829885 0 0 0 0
0.830387 0 0 0 0
0.830889 0 0 0 0
0.831389 0 0 0 0
0.831893 0 0 0 0
0.832395 0 0 0 0
0.832898 0 0 0 0
0.833398 0 0 0 0
0.833899 0 0 0 0
0.8344 0 0 0 0
0.8349 0 0 0 0
0.8354 0 0 0 0
0.835904 0 0 0 0
0.836406 0 0 0 0
0.836912 0 0 0 0
0.837414 0 0 0 0
0.837914 0 0 0 0
0.838415 0 0 0 0
0.838916 0 0 0 0
0.839417 0 0 0 0
0.839917 0 0 0 0
0.840417 0 0 0 0
0.840918 0 0 0 0
0.841418 0 0 0 0
0.841921 0 0 0 0
0.842423 0 0 0 0
0.842924 0 0 0 0
0.843426 0 0 0 0
0.843926 0 0 0 0
0.844427 0 0 0 0
0.844929 0 0 0 0
0.845429 0 0 0 0
0.84593 0 0 0 0
0.84643 0 0 0 0
0.84693 0 0 0 0
0.847431 0 0 0 0
0.847932 0 0 0 0
0.848434 0 0 0 0
0.848935 0 0 0 0
0.849437 0 0 0 0
0.849937 0 0 0 0
0.85044 0 0 0 0
0.850944 0 0 0 0
0.851445 0 0 0 0
0.851945 0 0 0 0
0.852446 0 0 0 0
0.852947 0 0 0 0
0.853447 0 0 0 0
0.853948 0 0 0 0
0.854449 0 0 0 0
0.854949 0 0 0 0
0.855451 0 0 0 0
0.855952 0 0 0 0
0.856452 0 0 0 0
0.856954 0 0 0 0
0.857454 0 0 0 0
0.857954 0 0 0 0
0.858455 0 0 0 0
0.85896 0 0 0 0
0.85946 0 0 0 0
0.85996 0 0 0 0
0.860461 0 0 0 0
0.860962 0 0 0 0
0.861467 0 0 0 0
0.861971 0 0 0 0
0.862471 0 0 0 0
0.862974 0 0 0 0
0.863476 0 0 0 0
0.863977 0 0 0 0
0.864478 0 0 0 0
0.864982 0 0 0 0
0.865482 0 0 0 0
0.865983 0 0 0 0
0.866483 0 0 0 0
0.866987 0 0 0 0
0.867488 0 0 0 0
0.867989 0 0 0 0
0.868489 0 0 0 0
0.868991 0 0 0 0
0.869491 0 0 0 0
0.869994 0 0 0 0
0.870495 0 0 0 0
0.870995 0 0 0 0
0.871496 0 0 0 0
0.871996 0 0 0 0
0.872498 0 0 0 0
0.872998 0 0 0 0
0.873501 0 0 0 0
0.874003 0 0 0 0
0.874504 0 0 0 0
0.875008 0 0 0 0
0.87551 0 0 0 0
0.87601 0 0 0 0
0.876511 0 0 0 0
0.877011 0 0 0 0
0.877514 0 0 0 0
0.878018 0 0 0 0
0.878519 0 0 0 0
0.879019 0 0 0 0
0.87952 0 0 0 0
0.880021 0 0 0 0
0.880522 0 0 0 0
0.881023 0 0 0 0
0.881523 0 0 0 0
0.882025 0 0 0 0
0.882527 0 0 0 0
0.88303 0 0 0 0
0.88353 0 0 0 0
0.88403 0 0 0 0
0.88453 0 0 0 0
0.885033 0 0 0 0
0.885534 0 0 0 0
0.886034 0 0 0 0
0.886535 0 0 0 0
0.887036 0 0 0 0
0.887536 0 0 0 0
0.888036 0 0 0 0
0.888536 0 0 0 0
0.889037 0 0 0 0
0.889537 0 0 0 0
0.890041 0 0 0 0
0.890544 0 0 0 0
0.891045 0 0 0 0
0.891545 0 0 0 0
0.892047 0 0 0 0
0.892548 0 0 0 0
0.893048 0 0 0 0
0.893549 0 0 0 0
0.894053 0 0 0 0
0.894557 0 0 0 0
0.895059 0 0 0 0
0.895562 0 0 0 0
0.896062 0 0 0 0
0.896563 0 0 0 0
0.897068 0 0 0 0
0.897569 0 0 0 0
0.898069 0 0 0 0
0.898571 0 0 0 0
0.899072 0 0 0 0
0.899576 0 0 0 0
0.900078 0 0 0 0
0.900578 0 0 0 0
0.90108 0 0 0 0
0.901581 0 0 0 0
0.902082 0 0 0 0
0.902586 0 0 0 0
0.90309 0 0 0 0
0.903592 0 0 0 0
0.904093 0 0 0 0
0.904596 0 0 0 0
0.905099 0 0 0 0
0.905599 0 0 0 0
0.906099 0 0 0 0
0.906602 0 0 0 0
0.907105 0 0 0 0
0.907606 0 0 0 0
0.908107 0 0 0 0
0.908608 0 0 0 0
0.90911 0 0 0 0
0.909611 0 0 0 0
0.910111 0 0 0 0
0.910613 0 0 0 0
0.911113 0 0 0 0
0.911616 0 0 0 0
0.912117 0 0 0 0
0.912618 0 0 0 0
0.91312 0 0 0 0
0.91362 0 0 0 0
0.91412 0 0 0 0
0.914624 0 0 0 0
0.915124 0 0 0 0
0.915625 0 0 0 0
0.916128 0 0 0 0
0.916634 0 0 0 0
0.917135 0 0 0 0
0.917636 0 0 0 0
0.918138 0 0 0 0
0.918638 0 0 0 0
0.919139 0 0 0 0
0.919645 0 0 0 0
0.92015 0 0 0 0
0.92065 0 0 0 0
0.92115 0 0 0 0
0.921654 0 0 0 0
0.922156 0 0 0 0
0.922658 0 0 0 0
0.923159 0 0 0 0
0.92366 0 0 0 0
0.92416 0 0 0 0
0.924661 0 0 0 0
0.925162 0 0 0 0
0.925663 0 0 0 0
0.926163 0 0 0 0
0.926665 0 0 0 0
0.927165 0 0 0 0
0.927665 0 0 0 0
0.928165 0 0 0 0
0.928671 0 0 0 0
0.929173 0 0 0 0
0.929674 0 0 0 0
0.930175 0 0 0 0
0.930679 0 0 0 0
0.93118 0 0 0 0
0.93168 0 0 0 0
0.932183 0 0 0 0
0.932685 0 0 0 0
0.933185 0 0 0 0
0.933687 0 0 0 0
0.934188 0 0 0 0
0.934691 0 0 0 0
0.935193 0 0 0 0
0.935694 0 0 0 0
0.936195 0 0 0 0
0.936697 0 0 0 0
0.937198 0 0 0 0
0.9377 0 0 0 0
0.9382 0 0 0 0
0.938702 0 0 0 0
0.939208 0 0 0 0
0.939708 0 0 0 0
0.940213 0 0 0 0
0.940713 0 0 0 0
0.941214 0 0 0 0
0.941714 0 0 0 0
0.942218 0 0 0 0
0.942719 0 0 0 0
0.943222 0 0 0 0
0.943724 0 0 0 0
0.944224 0 0 0 0
0.944729 0 0 0 0
0.945229 0 0 0 0
0.945731 0 0 0 0
0.946231 0 0 0 0
0.946732 0 0 0 0
0.947234 0 0 0 0
0.947734 0 0 0 0
0.948236 0 0 0 0
0.948738 0 0 0 0
0.949246 0 0 0 0
0.949747 0 0 0 0
0.950249 0 0 0 0
0.950749 0 0 0 0
0.951249 0 0 0 0
0.95175 0 0 0 0
0.95225 0 0 0 0
0.952751 0 0 0 0
0.953251 0 0 0 0
0.953754 0 0 0 0
0.954255 0 0 0 0
0.954758 0 0 0 0
0.955259 0 0 0 0
0.955759 0 0 0 0
0.95626 0 0 0 0
0.956762 0 0 0 0
0.957265 0 0 0 0
0.957765 0 0 0 0
0.958266 0 0 0 0
0.958769 0 0 0 0
0.95927 0 0 0 0
0.959771 0 0 0 0
0.960276 0 0 0 0
0.960778 0 0 0 0
0.961278 0 0 0 0
0.961781 0 0 0 0
0.962283 0 0 0 0
0.962783 0 0 0 0
0.963283 0 0 0 0
0.963785 0 0 0 0
0.964285 0 0 0 0
0.964786 0 0 0 0
0.965286 0 0 0 0
0.96579 0 0 0 0
0.966291 0 0 0 0
0.966792 0 0 0 0
0.9673 0 0 0 0
0.967801 0 0 0 0
0.968301 0 0 0 0
0.968802 0 0 0 0
0.969304 0 0 0 0
0.969807 0 0 0 0
0.970308 0 0 0 0
0.970808 0 0 0 0
0.97131 0 0 0 0
0.971811 0 0 0 0
0.972312 0 0 0 0
0.972814 0 0 0 0
0.973315 0 0 0 0
0.973815 0 0 0 0
0.974317 0 0 0 0
0.974817 0 0 0 0
0.975322 0 0 0 0
0.975822 0 0 0 0
0.976326 0 0 0 0
0.976828 0 0 0 0
0.977329 0 0 0 0
0.97783 0 0 0 0
0.978331 0 0 0 0
0.978835 0 0 0 0
0.979336 0 0 0 0
0.979836 0 0 0 0
0.98034 0 0 0 0
0.98084 0 0 0 0
0.981343 0 0 0 0
0.981846 0 0 0 0
0.982348 0 0 0 0
0.98285 0 0 0 0
0.98335 0 0 0 0
0.983854 0 0 0 0
0.984355 0 0 0 0
0.984855 0 0 0 0
0.985356 0 0 0 0
0.985857 0 0 0 0
0.986357 0 0 0 0
0.986861 0 0 0 0
0.987361 0 0 0 0
0.987867 0 0 0 0
0.98837 0 0 0 0
0.988871 0 0 0 0
0.989378 0 0 0 0
0.989878 0 0 0 0
0.990381 0 0 0 0
0.990882 0 0 0 0
0.991382 0 0 0 0
0.991884 0 0 0 0
0.992386 0 0 0 0
0.992887 0 0 0 0
0.993387 0 0 0 0
0.993888 0 0 0 0
0.994388 0 0 0 0
0.994892 0 0 0 0
0.995393 0 0 0 0
0.995894 0 0 0 0
0.996396 0 0 0 0
0.996898 0 0 0 0
0.997401 0 0 0 0
0.997901 0 0 0 0
0.998401 0 0 0 0
0.998902 0 0 0 0
0.999404 0 0 0 0
0.999904 0 0 0 0
